1
-18
-1
38
-65
79
-119
282
5817
11517
10658
4542
-5087
-11189
-10984
-5396
4876
12140
12153
5194
-5295
-11677
-10262
-4903
4490
13117
11152
5316
-4230
-12528
-11326
-4174
5599
12048
10858
4400
-4190
-12594
-13117
-3804
5523
12189
11723
3083
-4968
-11551
-12058
-4590
4493
11104
11609
5245
-4270
-11780
-13340
-7428
3700
11684
12690
5207
-6067
-12689
-12394
-5336
3830
11483
13270
5029
-5467
-10545
-10656
-5501
3303
11546
11488
3262
-2881
-8746
-13521
-6471
4319
12077
12981
3189
-6344
-10360
-11413
-6892
4978
12821
12173
5485
-5186
-12475
-13727
-4903
5998
12752
12615
6068
-3676
-13374
-11256
-3478
4523
11735
11832
5189
-3703
-12289
-13696
-6504
4577
11786
11208
6222
-3953
-12710
-12048
-5897
6442
14679
10352
4260
-4029
-13909
-13854
-5805
3424
11129
11841
6694
-4155
-12026
-11700
-4685
4973
10831
11663
5216
-4243
-11424
-12614
-5185
7583
12613
11455
5697
-5298
-12438
-12456
-5247
4920
12356
11146
4715
-5628
-12514
-11418
-5416
4097
13111
14292
6738
-3586
-12090
-12331
-5057
5372
14315
12942
3168
-4898
-11198
-13298
-6453
5842
11979
11145
6250
-5788
-13239
-11110
-4386
5685
13261
11732
4587
-4597
-11994
-11953
-5487
5619
13414
13874
6503
-5784
-11658
-11664
-7691
3948
13115
10112
3470
-4282
-11306
-11464
-5366
5263
12472
12206
4778
-7808
-14672
-12192
-4167
6432
13189
11406
2802
-4965
-11091
-12696
-5542
4456
11413
11016
4558
-4103
-11547
-12801
-4236
5481
13276
14661
5593
-5139
-11770
-13270
-8117
4167
13879
12389
4271
-4539
-11841
-12263
-3198
6623
12416
11821
4374
-4189
-11409
-12044
-4817
2407
11078
13426
1794
-5892
-10130
-13222
-5959
5703
12557
12834
5720
-5400
-11203
-11164
-4036
5875
11433
11172
5095
-5446
-14629
-13364
-4834
4470
12002
12852
6057
-3544
-12396
-14188
-5998
4977
12274
12664
5079
-5608
-12551
-12836
-5300
6568
11268
9417
5213
-4208
-12708
-11747
-4100
3836
10889
12479
4214
-4950
-12178
-11793
-4726
3961
11535
11217
4234
-4718
-11618
-11949
-5467
5337
11385
11542
6834
-6222
-13380
-12031
-5548
5914
13263
11786
4043
-4649
-10646
-11841
-5334
5600
11658
10834
4296
-6571
-13654
-13009
-5422
4088
13806
13776
5090
-3399
-12405
-12197
-3827
4764
12144
11017
2438
-7140
-12061
-12147
-5281
4623
11695
12813
5167
-5759
-13409
-13137
-4965
4187
9739
13072
5371
-6394
-11489
-12120
-3882
4523
10722
12518
3442
-3773
-10589
-13363
-5664
7009
13646
12265
6417
-3574
-11371
-13092
-6277
6473
14505
13004
4929
-5382
-13114
-11414
-3346
5093
11649
10792
4498
-5645
-12621
-10055
-4906
3473
13538
13343
3934
-5363
-12243
-12877
-5012
4816
11683
12124
2289
-6078
-11615
-13125
-4470
4013
10827
13718
6724
-3567
-11640
-10339
-2878
4703
12188
12652
5371
-5242
-13238
-13383
-5180
4672
11054
11639
5337
-6053
-14248
-12665
-4407
5048
10165
12601
4331
-8194
-13013
-12092
-4853
4305
11319
12247
6091
-3909
-13010
-13339
-4948
5331
13955
13825
4070
-6255
-12193
-11056
-4511
4602
13165
14278
4884
-5185
-10845
-11044
-3849
5155
9874
8814
4334
-5419
-11950
-10474
-3746
5404
11341
10937
4787
-4797
-12077
-12211
-5614
4658
11616
11612
5681
-4688
-13049
-12042
-2591
6875
12353
12924
5481
-5633
-12057
-11360
-4680
5250
12207
10405
3530
-5105
-11919
-11124
-5203
2571
11167
13728
5669
-5453
-11891
-11451
-4844
5805
12190
10825
4968
-5850
-12464
-10797
-4297
5525
12470
13054
5542
-5967
-11609
-11339
-6210
2989
12643
14806
5869
-4815
-11614
-13276
-6477
4807
12190
12343
6196
-3231
-10443
-10742
-4572
3954
11626
14211
5016
-6164
-11161
-11888
-5383
4891
11150
12900
5640
-7248
-13276
-11033
-4158
5033
12886
10291
3287
-4078
-11685
-10837
-3999
4751
13049
11807
2423
-5842
-14082
-12072
-2283
3630
10060
11310
3352
-5106
-12022
-12472
-4843
4002
12011
13555
5813
-3213
-10639
-12476
-5932
4189
12118
10615
5098
-3225
-12201
-13902
-8299
2146
12434
13684
5392
-5011
-11489
-11965
-6512
4464
11841
12722
7036
-4482
-11384
-11733
-7080
4365
13425
11519
4486
-3895
-11257
-11424
-4877
4375
12305
13923
6667
-5240
-12696
-10912
-4286
2908
11661
11897
5140
-2939
-13114
-13456
-5156
3553
10247
11586
5014
-6627
-13637
-13436
-5654
5829
13556
11910
4798
-5811
-12981
-11617
-5385
3905
11139
12941
6696
-3012
-11186
-12506
-5067
5847
12623
12276
4466
-4300
-10895
-13054
-5431
4880
11781
11880
6123
-4001
-12543
-12605
-5038
5990
13400
10992
3135
-4810
-12301
-12871
-4519
4553
12726
12750
4669
-4912
-12904
-11758
-4236
5342
12903
12766
6325
-2879
-12017
-12048
-3867
4923
13260
13285
3228
-6141
-12660
-14728
-5498
5144
11670
14157
6822
-5638
-12305
-11584
-3692
7053
13470
11479
5315
-4583
-15156
-13495
-4468
3477
12220
12452
5670
-3885
-11741
-11957
-5496
4896
11567
10786
4051
-5275
-13291
-12276
-3855
3958
11926
13555
5656
-6805
-13284
-11241
-7193
1942
11701
13527
4495
-5497
-11174
-11516
-4798
3794
12354
12951
5907
-5672
-13159
-12298
-6309
3676
10801
12645
5506
-5729
-13684
-13569
-5162
4270
12086
11441
3712
-5413
-12343
-11143
-5420
2665
11204
11002
3056
-5466
-11378
-11333
-4781
5833
11938
12796
5620
-5469
-12106
-12554
-3734
5505
11202
12998
6597
-5342
-11592
-11477
-6274
5413
12320
11985
4653
-6392
-13567
-12276
-4425
4438
12770
12409
3311
-5694
-10973
-11505
-3789
5588
12024
11556
4081
-5239
-12657
-11737
-6307
3313
12687
12076
5092
-4693
-13931
-14142
-4807
5652
11319
10834
4086
-4385
-10968
-12558
-6482
4651
11365
11750
4743
-5985
-10586
-11561
-6244
5396
11678
10947
4772
-6090
-12482
-11032
-5170
4146
12011
12262
3933
-5614
-9863
-10128
-5955
3495
10876
10654
5196
-3548
-12647
-10923
-4386
3497
13720
11269
3416
-3369
-12138
-12648
-5071
3891
10904
11661
4467
-4813
-12599
-13487
-4346
4421
10107
11972
5407
-3909
-13016
-12042
-4093
5522
13234
12070
4839
-5023
-11646
-11568
-5307
5006
10882
9586
4346
-5214
-12134
-11718
-5052
5554
11552
12136
6585
-4782
-12106
-11581
-4967
2605
11010
13951
5442
-4390
-12674
-13507
-5874
5285
11571
9625
3946
-5740
-13204
-11408
-4386
4359
11914
11992
5180
-6516
-14142
-12148
-6197
4037
12444
10742
4596
-4858
-13572
-12021
-4229
3879
10675
10856
2942
-7217
-13394
-10860
-5362
3414
12104
11373
4366
-5453
-12809
-12069
-4742
4855
12277
12919
4013
-4929
-10730
-12500
-5735
4736
11036
10907
5699
-3958
-11889
-11851
-4158
4939
11784
12037
5088
-4652
-11375
-10586
-4525
4857
12507
11866
4188
-6588
-13812
-11975
-4370
4852
12718
12072
5115
-2848
-12676
-13460
-4009
4169
12174
14957
5630
-7167
-13785
-11367
-4454
4873
13002
12008
2896
-6483
-12370
-13644
-6098
4744
12350
13171
4349
-4969
-11371
-11313
-4044
4349
11945
11389
4438
-4423
-12799
-12382
-3838
5788
12024
12270
6119
-5079
-12778
-10804
-4133
5885
13978
11818
4379
-3738
-11574
-10761
-3895
3719
11903
12680
4702
-5809
-11727
-11925
-5868
4603
13388
14566
4935
-6764
-13364
-13071
-4507
5526
13444
12321
2600
-6286
-11088
-10680
-5641
4115
11148
11619
4215
-5532
-11058
-11877
-4953
5395
13941
13577
4796
-5566
-13445
-12668
-5913
4245
14047
13423
4004
-5257
-12830
-12942
-4903
4361
12308
11319
3653
-4546
-12451
-13104
-5603
6129
11857
10221
5392
-3821
-12745
-13748
-4501
5243
10059
11683
4557
-4296
-11302
-11064
-2966
4999
12909
13347
7007
-4322
-13114
-14111
-6822
5972
13540
13008
6263
-4118
-11982
-10981
-3858
6565
11926
9950
5754
-4588
-13513
-12555
-3803
7364
13966
11577
4150
-5419
-12146
-10597
-3966
4302
9857
12950
7750
-5593
-10909
-9085
-5008
4046
12128
12593
3642
-5743
-11882
-12627
-5545
4063
12367
12119
3728
-5864
-13363
-12888
-4895
5796
11148
10869
3522
-6444
-12569
-12894
-4056
4678
9562
11450
5882
-3722
-10942
-11870
-5078
4544
10850
12110
5978
-5600
-11118
-10145
-4836
5453
11993
11270
5599
-5806
-15353
-13559
-6287
3763
13361
12269
4558
-4562
-13582
-12687
-3781
5250
11816
12113
6181
-3696
-12662
-11229
-3419
3459
12403
13582
5964
-2911
-10795
-12289
-3828
5707
12036
12868
4783
-5013
-11864
-11300
-4816
5635
12930
12625
4881
-6043
-11431
-11276
-5061
5075
12495
11297
3642
-6030
-13754
-11471
-3108
5958
14134
12627
3875
-4274
-9802
-11156
-5718
4915
13173
12401
5431
-3794
-10974
-11701
-3394
5013
11343
12244
4558
-4101
-11354
-12691
-5468
3943
11485
10930
3527
-4229
-11906
-11794
-4726
5443
13413
11815
4032
-4289
-10923
-12266
-4604
4387
11606
13153
6117
-4366
-13010
-12407
-5373
4373
11860
10940
3637
-5275
-12729
-12021
-3858
4919
13229
12445
4735
-3714
-12875
-13874
-5122
3744
10077
12799
6567
-4580
-12435
-12117
-3661
5017
10164
12074
5544
-6021
-12177
-11512
-4983
5058
11363
10964
5606
-5875
-13159
-11257
-6320
5566
14501
11054
4188
-3476
-11773
-11753
-5556
4425
12147
13142
5410
-6498
-12223
-13236
-4733
7295
12325
12005
6853
-4620
-12436
-11456
-4053
5522
11382
12493
5100
-5426
-10712
-11915
-5329
5883
11530
12116
4963
-6725
-12851
-12550
-6181
5345
12611
11780
4509
-4140
-10377
-11558
-4070
5039
12159
13263
5441
-3969
-11487
-13647
-5382
6140
13687
12817
5539
-4625
-14038
-12084
-3845
4230
13415
12129
2772
-6666
-14356
-13734
-4831
6375
13164
12737
5151
-5825
-12196
-12974
-5852
5382
11679
11539
4620
-4420
-12364
-12116
-4142
3801
14196
14257
4746
-5619
-13589
-11196
-4688
3180
13618
12886
2182
-5829
-11171
-10807
-5222
5633
13786
12742
4936
-7906
-14160
-10918
-4393
4756
11529
11391
5951
-3532
-12090
-12297
-5225
4451
13430
13724
4228
-5765
-10593
-10703
-3066
6257
11253
13073
6393
-3615
-12017
-13963
-5264
6747
12896
11881
5388
-4992
-13401
-12065
-4772
4757
11302
11782
4879
-4820
-10927
-12761
-4789
5194
11199
12084
6206
-3205
-12532
-13256
-5834
3806
11928
14198
6111
-5442
-10756
-11005
-5728
5597
12118
10234
4755
-5709
-12527
-12527
-5950
6146
12758
12417
5404
-3849
-11576
-12475
-4131
5823
11575
11046
6770
-3251
-11878
-12976
-6162
5575
13047
12617
5006
-4907
-11964
-13291
-5336
6555
14048
14117
5242
-4974
-10660
-11269
-5201
4213
12867
12366
3537
-4228
-11456
-12568
-6403
4109
13682
12816
4195
-3991
-12217
-13968
-4739
4221
10501
10595
3386
-5427
-12356
-12173
-5033
5428
12987
12392
5773
-4790
-12335
-11604
-5216
6188
15143
11686
2833
-5576
-12603
-12732
-4751
5039
12845
13589
5071
-5384
-11298
-12328
-6012
6081
12190
11631
5369
-4568
-12803
-12545
-3732
4027
10199
12330
5246
-6521
-13451
-13603
-5090
6515
12298
12235
4902
-5786
-12375
-12072
-4512
4927
12286
14167
7769
-2826
-12178
-12960
-5064
5964
12713
12523
5114
-5906
-11091
-10882
-5312
4732
11231
10717
5284
-5550
-14124
-10660
-4229
4041
12687
11712
5626
-5303
-14868
-13184
-5497
3469
11474
11407
4879
-4806
-14096
-13599
-4682
4365
11438
13341
5577
-5087
-12921
-13851
-7221
4184
12663
10493
3870
-3840
-12896
-13198
-2865
4077
9481
11557
4561
-4049
-11081
-12029
-3801
6494
13511
13059
4935
-5204
-12883
-12253
-2819
6257
11878
12502
5285
-6105
-11589
-9562
-5186
4140
12857
10196
3741
-3070
-11445
-12396
-4948
5486
10726
11632
5532
-4364
-10088
-10615
-4250
4136
10616
12670
6558
-4283
-11565
-11278
-5025
5743
12975
11562
4042
-4655
-11644
-12184
-4503
4218
10675
12824
3883
-5833
-10252
-11588
-5283
5338
12015
12376
4909
-4708
-10833
-12546
-5895
4739
12082
12304
5526
-5829
-11868
-10043
-5139
5714
13800
11349
3839
-5083
-11950
-10890
-4213
6007
11486
11338
6696
-3421
-11030
-13220
-4416
7119
12544
12233
5559
-4019
-12778
-13659
-4800
5550
11958
11367
5546
-3629
-12083
-10864
-3728
4014
11408
12742
3932
-5003
-12402
-13089
-3959
6151
13335
13156
5802
-4368
-12258
-11978
-5118
4011
10068
11854
5888
-6543
-12149
-11864
-5716
5296
11737
10667
6281
-2018
-13228
-13532
-4901
3660
10822
11026
4225
-4828
-12066
-12024
-4205
4422
11465
13076
5424
-4083
-10926
-11073
-4039
4642
13673
13380
4208
-4234
-13236
-14688
-3639
5535
11337
12801
4653
-4959
-12403
-13303
-6198
5236
12989
12996
6805
-4752
-12983
-11185
-5328
4472
10985
10335
6185
-4854
-12048
-11354
-4544
5222
10069
11332
5090
-5749
-11818
-13688
-5838
5799
11563
12103
5148
-4690
-10812
-10927
-5502
5195
12594
11305
5504
-4454
-11397
-11603
-6587
5110
13144
10958
6729
-4183
-13574
-12889
-6759
4190
11771
11990
4623
-6048
-10677
-11189
-6219
3371
11332
11416
4408
-3801
-11152
-13034
-5688
3903
9268
10354
4128
-5346
-10981
-12357
-6259
5509
9905
11431
7325
-7032
-14086
-12051
-4598
4478
11927
13460
3745
-7122
-11624
-10847
-4220
6109
13221
11601
5524
-3647
-13239
-12620
-3352
4602
10507
11648
5223
-3420
-12093
-13580
-6294
3023
11806
13403
4986
-4670
-11020
-12287
-6615
3528
12426
12361
3945
-5636
-11644
-12336
-6246
5944
14657
12593
4657
-4443
-11013
-10884
-3847
5921
12333
11762
2843
-6528
-11754
-12707
-5473
5173
13097
12765
4535
-5158
-13531
-13006
-5411
5249
12670
11965
6039
-3962
-11589
-11748
-5474
4983
11615
10219
4827
-4380
-14407
-14282
-4393
