499
12580
-2609
22919
9911
708
22585
-4770
-28
2855
-20935
-1567
-12999
-19531
4605
-15692
604
12713
-2400
21296
12804
1726
24378
-4505
-702
3675
-21503
-2243
-12431
-20672
7348
-14950
-839
12951
-2830
23227
12921
1465
21025
-3186
1218
5142
-23466
-2461
-12916
-21019
5267
-13918
1112
14395
-3365
22412
10720
2318
21605
-5299
-451
6702
-23794
-1255
-15864
-21926
4106
-13324
1165
15584
-4410
20620
14513
2528
20285
-6109
-1506
5067
-22142
-1710
-13807
-21118
4864
-14791
748
13200
-4434
20752
11148
3639
21606
-4232
788
4984
-21285
-3003
-13801
-21508
1074
-16655
-2167
12650
-3184
19894
12488
4970
21792
-3044
-1530
3916
-23932
-3397
-11730
-24208
4551
-13895
-973
11915
-3721
20510
13488
2877
25000
-4644
-1677
4546
-22015
-614
-11739
-20793
6236
-16232
-1048
12766
-4478
19122
14148
2477
19966
-5916
514
5625
-19104
1933
-12428
-22999
346
-13845
-1332
13604
-4842
21147
14854
3099
22115
-5949
-2744
3456
-22464
55
-12894
-19768
3021
-16226
-1581
13096
-352
20032
14481
1362
23902
-3622
-257
4185
-23448
-2110
-13853
-23386
1745
-14001
2587
14546
-4033
21846
15247
3201
21702
-2440
702
6768
-22075
-4847
-15349
-18673
6663
-14578
-628
16679
-5653
19912
14161
2195
22367
-4520
553
6558
-22227
-1786
-16466
-21457
2457
-16281
-1439
13737
-2338
19205
13157
2048
21839
-2609
882
6443
-22629
-3982
-13474
-20980
4128
-16061
148
14658
286
24453
11709
2370
19978
-5220
517
6228
-23570
-3913
-16625
-21644
2098
-15152
-1437
14130
-6719
18974
16596
732
20578
-1243
4760
2333
-22979
-2282
-10275
-22995
3437
-13011
712
13668
-4058
19125
12717
2405
22756
-5162
773
5912
-22121
-2265
-13020
-21378
2657
-13766
-159
17714
-1261
22010
11857
1019
24327
-3822
787
1394
-20856
-2097
-14927
-22150
4271
-14198
-479
14115
-4252
21628
15518
-1364
21987
-3963
485
3643
-25254
-2304
-10277
-23891
5254
-14822
-100
12559
-4387
23508
14062
5680
24304
-3533
2857
4972
-21019
-3327
-12998
-22520
5460
-16215
1282
13972
-1920
22608
16090
4039
19800
-4362
-1920
3403
-19899
-1797
-14252
-23039
3893
-16277
-1100
14795
-1946
22375
9353
3340
22493
-3574
2648
872
-23344
-1873
-15698
-18959
4443
-12897
-935
15617
-2088
21759
13491
3284
20961
-4494
-250
4880
-20737
-4576
-13312
-18950
2621
-15631
331
15668
-3820
23555
14511
4221
23283
-439
-336
970
-19747
-3591
-12930
-19232
1214
-16335
-2624
12983
-3119
22236
13560
527
18591
-4163
-773
5005
-21225
-2615
-11862
-21002
4707
-15439
-294
14606
-2495
20733
13961
2406
22183
-2893
-3265
2128
-24804
-6665
-14218
-20150
3372
-13960
1785
16459
-3952
23595
13258
1469
21402
-6678
-1455
3666
-21059
-22
-15372
-20734
2134
-13506
-215
11284
-2318
20386
12232
1089
21303
-3551
-310
4791
-21782
-678
-13669
-23797
5588
-14827
1826
14912
-4054
21949
16304
6244
22489
-3990
1763
2867
-21830
-2884
-12593
-22743
1235
-17680
-1831
13533
-4319
24552
14919
1265
22945
-4919
-466
4556
-21361
-3397
-11364
-23249
3849
-10028
365
16632
-3689
22329
13014
2562
21098
-3547
-1395
5343
-20597
-2241
-13576
-20634
3333
-12751
-3001
13734
-7101
18928
15342
4308
21197
-6714
-4857
3362
-18410
-2129
-14024
-20616
1282
-14771
163
14143
-2543
21942
14202
1713
23846
-1583
-1589
2798
-20187
-3155
-10807
-22103
6223
-14069
423
16848
-4432
19836
12372
3582
19810
-3208
-883
6133
-26298
-4130
-15870
-22731
4245
-14578
-415
14023
-3506
19725
14265
3927
23006
-3340
486
7587
-22518
-3344
-14342
-23069
1800
-15740
-116
14832
-3755
20123
14582
4053
22114
-5322
899
4560
-24748
-2953
-12678
-22852
4150
-16668
2189
16329
-4253
21973
9159
947
21894
-6009
1170
7525
-24303
-4213
-12721
-18738
1836
-13876
2984
11578
-5938
20684
12254
4173
22771
-7160
844
3306
-20287
-3870
-14150
-20491
5089
-13550
-2762
15166
-5534
21763
10775
3573
21054
-6354
1170
4648
-23381
-464
-13829
-21325
4280
-15299
772
13410
-4513
23610
11402
-1112
25015
-75
-664
1079
-22884
-3310
-13418
-23202
4789
-13425
-2448
15430
-476
21659
12555
2609
23383
-7088
269
3613
-19348
-3127
-10375
-23186
4801
-13761
-1424
14575
-1852
20847
10335
2813
20897
-4813
-134
1458
-25022
-2051
-13964
-25580
5125
-13838
-1170
12127
-2470
21950
17011
3530
23011
-4526
1338
5276
-20325
-3695
-13821
-22163
5135
-11829
-752
13588
-3324
20975
14667
-848
21021
-5534
-3802
2673
-23875
-3171
-11284
-21779
2150
-14377
1719
12685
-5331
22293
12744
3902
22353
-3103
-1696
4232
-22721
-4833
-15669
-20254
3264
-15959
-158
16132
-7576
18926
11595
5235
22838
-2995
-1868
2418
-21642
-2746
-12208
-21685
4295
-14025
1274
15606
-6493
17696
14748
4787
20703
-7299
162
5777
-19430
-1995
-13716
-22841
3858
-14774
-1663
17641
-914
23239
11598
4242
23423
-3527
2047
5293
-21163
-1798
-12549
-24300
3976
-15195
-2097
17040
-1006
23605
13525
5054
22395
-3920
-1792
4903
-22276
-4976
-13191
-21508
6784
-12819
19
14692
-3767
21045
11334
2594
21153
-6301
838
4893
-25303
-3042
-11476
-19642
5520
-14220
-1385
12509
-3274
21999
15216
4643
22159
-6291
-523
4608
-22706
-3788
-12693
-22203
2810
-13774
-659
14684
-3391
19511
12319
5197
20471
-7720
-3050
4300
-22325
-3034
-11118
-25757
4488
-11726
-1848
13662
-5073
19912
12573
5180
25386
-4803
3121
4311
-19502
-2994
-12892
-20779
9047
-12889
-1159
15872
-4432
20575
14596
2892
22832
-4229
551
4949
-25549
-1749
-14716
-23741
3743
-14147
-1136
15646
-6038
20711
12149
2765
22832
-5904
1187
4356
-25475
-6050
-13127
-21740
3670
-14330
370
15837
-5659
19458
11316
3315
24415
-4959
-4099
1460
-23740
-3755
-13776
-21314
3328
-12565
-1108
12871
-3054
18862
13746
3009
22134
-1650
-1019
7628
-22745
-4934
-12993
-23141
2607
-13634
910
13265
-2221
23274
15460
3709
24609
-7334
-521
2832
-22180
-3778
-13379
-18294
3561
-13606
-381
14408
-3829
22112
15016
5540
22883
-3286
-1886
4108
-20835
-1422
-12760
-19925
4643
-12318
474
13701
-3289
16576
13735
-3136
19552
-3512
782
2348
-23542
-596
-13900
-17703
3836
-13616
2649
14499
-5481
21198
13049
605
21956
-5468
1514
4309
-22839
-3015
-12742
-20367
2201
-15991
1810
13609
-6160
22105
13866
333
22751
-3047
613
5288
-24676
-2299
-13603
-22169
5265
-11860
2940
16438
-4019
21956
14364
3040
22590
-2903
-97
3057
-23054
-1803
-13102
-20820
4937
-14898
1239
14905
-5862
23741
12287
130
20663
-5925
85
3804
-22927
-1826
-12550
-20860
4510
-13275
-3454
13687
-7411
21437
13100
4554
24321
-3920
-820
5047
-23240
-2844
-11492
-22292
5159
-13174
-1564
15880
-2694
21545
11858
1434
21494
-3363
-1566
4969
-24410
-3176
-12928
-17372
1582
-11872
246
14958
-3645
22106
12855
5224
21628
-2397
-1056
4154
-24132
-2096
-10740
-21504
3516
-16110
-376
11674
-5335
21749
15268
7444
21414
-1901
399
4004
-21667
-2740
-12926
-22047
1548
-16813
1070
13831
-4816
21392
14410
3137
21301
-2243
2587
5063
-20780
-806
-11256
-20372
4819
-13433
-1798
15432
-6060
20076
15243
4218
24812
-4697
-1888
3858
-22208
-2712
-11250
-21970
4416
-15904
738
14289
-5068
20991
12805
2399
25278
-4414
-400
816
-23840
-3272
-14231
-19114
3569
-12173
101
14345
-3984
21384
15923
-959
19096
-5142
24
5383
-21600
-3471
-11438
-19690
4141
-12707
447
13364
-2696
21559
13109
5255
18360
-6575
-1945
3657
-22793
-5311
-14721
-22788
7865
-11332
-675
13688
-5722
18251
12916
1206
22236
-6874
-1248
4496
-21775
-2157
-15271
-19977
2528
-13247
-17
12029
-4357
21976
14111
2610
24885
-2602
-421
5481
-19207
371
-15119
-22896
6272
-16018
-2167
13488
-3151
21210
12041
1737
21208
-5693
3738
4740
-20923
-3643
-13412
-22547
-506
-16542
-2967
10598
-5797
23548
13034
4956
23049
-2970
-1476
5111
-21181
-3786
-12190
-20450
2939
-16124
-1940
14426
-3303
20079
13151
3776
23388
-1710
2092
2612
-19617
-3711
-11395
-21266
3164
-17246
-281
11729
-2254
23863
11802
3336
21187
-5282
1269
4189
-19525
-3631
-11470
-21218
5143
-15017
-81
14095
-5209
22462
14173
3814
24894
-1878
-614
4863
-23397
-2803
-14090
-18723
4435
-14641
1956
10728
-7139
22682
13206
3252
20202
-4290
3283
5603
-22097
-3561
-13754
-24866
4261
-12899
-2581
13200
-5735
19796
13195
-574
23382
-3017
-411
188
-24008
-821
-17659
-21947
1906
-12966
-1106
14946
-2913
24386
12775
3457
19942
-2302
-1246
3334
-22412
-5402
-12732
-19793
4319
-16887
-203
15500
-6916
19617
14543
3284
23050
-1206
768
5330
-17934
-3192
-14414
-20677
4558
-15147
-1691
18069
-3304
20178
14608
2662
21961
-3331
-2117
4830
-19241
-2077
-13724
-22209
3167
-14700
-619
15785
-6679
22790
12485
3459
20529
-2075
2041
5824
-24857
-1483
-12444
-24008
3799
-13687
911
14575
-3362
23792
15116
-1856
21855
-4522
-2871
4407
-20329
-4622
-12556
-22878
2738
-11864
-889
15041
-6905
24429
14095
2542
23318
-6562
1937
3721
-22710
-3647
-14059
-20240
4258
-13216
-14
15125
-4525
25031
10538
4907
24617
-5648
3652
5883
-20784
-2795
-13463
-21721
4479
-11988
297
12791
-2488
22887
14180
4063
21932
-5774
-1422
1573
-21987
-2978
-13828
-26220
1795
-12448
-1089
14875
-6118
23735
12871
3316
26186
-1768
-502
3280
-22909
-2006
-13280
-22025
6243
-14471
3768
14433
-914
21963
14685
1654
20977
-3499
1620
4318
-24483
-5070
-15445
-24274
4018
-12441
-22
10581
-4152
21111
16541
454
21735
-1457
737
5175
-22188
-2301
-11833
-22704
5278
-16534
538
14577
-4849
21340
12087
1085
21796
-6061
529
2368
-21209
-4777
-14035
-22401
6010
-13743
-347
15101
-7291
21307
16380
3058
22487
-3354
1467
980
-25132
-2497
-14278
-19228
3323
-17454
-2078
9779
-4223
21069
12412
4609
24339
-4531
-3497
5264
-21465
-2334
-11499
-23286
7130
-15856
1228
11520
-5363
23862
12680
4217
22764
-4424
2235
3865
-25293
-4157
-12204
-20730
1272
-15471
-953
13685
-6093
20348
11913
4105
23701
-4491
-642
4482
-23713
-4720
-14648
-22418
1933
-14019
1196
11684
-3798
21017
13667
2820
19994
-6321
48
5938
-26003
-2275
-11158
-21628
4740
-15436
-196
11628
-7680
22922
11493
2095
20104
-6562
-285
3057
-21756
-2100
-12582
-20987
6424
-16033
-90
16140
-1767
19048
12595
5066
23208
-3932
-357
3623
-21903
-3255
-13177
-21249
2728
-13412
4775
11373
-3308
20132
14053
2918
23624
-2326
315
6107
-26216
-235
-12493
-19612
1840
-15645
239
14256
-3375
23155
10215
4437
22389
-4586
-2410
5076
-26331
-1779
-15552
-21290
3644
-12368
-293
13147
-4669
23463
13986
2209
21988
-6820
636
1369
-21144
-2631
-9196
-23180
3671
-11338
1952
13143
-3472
21381
13569
1697
22229
-6871
221
4990
-22748
-5487
-11488
-20780
2650
-14744
-2459
12604
-4720
23390
12059
3890
21493
-3846
-232
5683
-23252
-5418
-15371
-22249
1793
-13612
-763
18175
-6686
21711
11259
2033
22607
-8062
388
7370
-23118
-2416
-11428
-21646
2887
-18013
1050
14099
-5498
21585
12151
1976
23369
-6445
1716
1962
-23461
309
-11260
-21218
2298
-15151
120
14346
-3988
21327
12756
479
21529
-2754
-2242
3942
-23718
-2659
-13744
-18957
4669
-16433
1100
13015
-4784
21892
12302
4304
21106
-5266
-1075
3326
-20574
-1811
-10306
-17662
2150
-14169
-1927
13010
-4871
19646
11384
2605
20382
-2873
-1504
8855
-23115
-2723
-15229
-18582
5673
-13798
-2207
14629
-5676
23774
14433
2998
18384
-5864
1127
6239
-20558
-5450
-12613
-19714
1122
-14297
449
13791
-6874
20844
12571
2599
21452
-4978
-65
4977
-22874
-3512
-12956
-24525
4621
-14285
65
15858
-7039
18144
13556
2830
22654
-5009
1088
5780
-21582
-3269
-16560
-20117
5841
-13228
-1441
15388
-2429
23932
11672
2470
23600
-4158
-1831
4932
-21427
-2697
-12747
-21802
6261
-15760
-962
14302
-2399
18924
10960
-497
22429
-6085
-630
5336
-23426
-2462
-13598
-20276
4617
-15418
-276
15994
-3195
19089
14181
1064
24690
-2574
475
4510
-22718
-1730
-13715
-20992
5268
-15205
-1010
12327
-5583
18382
14303
5805
24711
-6916
1188
6582
-23124
-2675
-16397
-20941
2096
-13957
-2558
15174
-2160
20095
11244
-691
21939
-5205
-2541
4995
-23113
-4604
-14016
-19622
4827
-14497
1014
12382
-3786
21619
12337
3555
21097
-3417
904
-527
-20425
-7835
-14117
-19698
3319
-16686
-1792
15967
-6987
23227
13017
888
21420
-5919
1419
5452
-25192
-3503
-14521
-19258
1627
-11656
-55
12380
-4949
20064
11019
2997
20364
-7825
-622
1298
-23608
-4331
-14535
-18099
3931
-13882
-2910
13213
-3486
19699
14595
871
21906
-5212
269
3203
-22819
-3228
-14310
-20583
4230
-14429
-705
15589
-4225
20875
13279
5621
20179
-2991
-3102
4608
-19795
-2041
-12828
-22296
3890
-14697
-1288
13809
-3514
20121
11786
613
23016
-3359
380
5834
-22231
-2199
-12609
-21528
2969
-10656
-740
13193
-3128
21790
10806
4681
22221
-6072
1948
5277
-24447
70
-12028
-21394
6444
-14023
-46
13202
-2886
22159
13131
1547
22588
-4367
-2185
1841
-21449
-7104
-12771
-22161
5982
-15093
1080
13634
-3653
22585
12349
4474
20747
-3770
1512
5334
-19235
-4092
-15367
-23007
4921
-13468
168
12444
-2583
19371
15006
7523
22976
-3297
-808
1286
-23363
-4632
-15478
-18556
4286
-13662
-506
14001
-2259
21325
13977
2520
21815
-6557
-3240
3824
-22283
-4948
-13164
-21290
307
-15783
667
14918
-5729
21637
14782
4114
22219
-5019
-1031
5019
-22056
-1810
-12891
-20036
3994
-12998
1427
12966
-6801
23907
13528
32
21206
-2988
-458
3413
-20080
-4557
-14415
-21031
4479
-13471
1493
14609
-3037
20953
13210
3017
22728
-2987
910
4325
-23701
-2730
-13153
-21061
7454
-15142
692
16035
-3678
25208
12488
3372
21067
-4828
408
5639
-21853
-778
-13263
-21922
8269
-13638
-1179
13147
-5383
22912
12510
3050
22271
-3054
-1387
2490
-22008
-1857
-12562
-22704
4949
-15503
-854
12738
-1707
22415
14098
4885
26984
-7053
-1210
3243
-23769
-4607
-13598
-23371
4388
-14199
788
15116
-2851
20766
16582
3225
19324
-5895
-2852
4281
-22575
-3609
-9812
-20478
5029
-15810
-1637
14344
-3556
18336
12812
2864
22023
-5585
-884
3963
-22227
-1850
-11336
-21860
3092
-13567
1001
13573
-2544
22983
15223
5755
20956
-4230
18
4092
-23439
-5275
-12955
-22637
3980
-15585
-1802
14668
-3592
22327
16689
3296
23170
-6018
-2108
6846
-23888
-4552
-13171
-21525
2360
-14784
2014
12964
-6122
22922
13914
1825
19783
-5472
-90
6162
-24074
-2980
-12001
-25279
5533
-16221
544
14688
-2062
22280
9212
1556
22602
-4572
783
5546
-21379
-3192
-16132
-22124
4521
-16071
1034
15772
-3631
16358
11013
5932
21480
-7503
2024
4274
-20565
-2388
-12356
-20783
4982
-10553
1591
11695
-3107
23248
15078
2142
24284
-2732
4215
3023
-23207
-3343
-13910
-22836
-687
-14996
605
13476
-668
21400
15222
3270
23729
-3795
2243
4344
-21563
-2241
-13580
-20714
7500
-14727
687
16345
-1971
21397
9202
3688
18739
-1844
278
5890
-23853
-5385
-12680
-21433
3034
-14145
4534
15651
-2120
22760
15531
2530
19009
-4561
1330
2663
-22664
-3975
-10646
-20150
4906
-13266
-61
14608
-5781
17795
13353
3372
24357
-1678
2572
2617
-22953
-2054
-8959
-18953
5673
-14919
-1447
15577
-5642
20987
12919
5451
21794
-8249
826
3107
-22306
-2983
-13556
-20083
1328
-15131
1121
13278
-6475
22473
14947
2768
19163
-3096
-2720
4758
-23829
-4742
-13831
-21678
2784
-13320
-731
15890
-3378
20235
11688
142
22852
-4833
-3887
3375
-23852
-260
-15897
-23739
5658
-12061
-1221
13248
-2829
17565
10058
2381
24915
-4966
165
6110
-18923
-3786
-13135
-18392
1345
-12601
-1668
14452
-4237
19808
11496
3294
24006
-4465
115
5188
-23967
-1629
-11765
-17112
3223
-15035
1260
15626
-4716
20717
13994
1485
21703
-4105
1632
3262
-25394
-5981
-15171
-23529
3586
-16232
-1151
13016
-4561
23544
14192
2868
21620
-4962
537
5209
-23862
-2782
-16436
-21031
5088
-14743
2976
12840
-3483
21319
12943
2654
22551
-2863
2257
4249
-21040
-3991
-11852
-22626
5626
-10662
-200
10692
-4737
23396
14013
3249
24028
-3459
1995
5759
-19882
-2253
-11624
-21881
2854
-11488
354
15603
-3636
20417
13125
5194
23285
-7056
-353
7172
-22726
-5791
-10006
-20260
3724
-14893
1773
13396
-1958
22266
13508
3080
22089
-2539
-1418
1595
-21369
-1807
-12320
-20710
3314
-12994
-75
13486
-4350
24688
10265
3660
19624
-4430
-710
836
-21738
-3464
-16547
-20002
6190
-11843
588
14360
-1663
24134
14964
1299
22705
-3532
-2965
5021
-18651
-1793
-10693
-21078
3719
-13659
-1337
12705
-1764
23626
11483
4427
22233
-3696
754
5881
-22240
-531
-12600
-20355
2474
-10747
770
15452
-6474
20030
15135
3311
19240
-2551
-891
6565
-22519
-2506
-11176
-22848
2212
-14606
1355
12104
-6572
22727
12119
2199
19333
-5365
-12
5777
-23639
-126
-14229
-22497
6358
-13938
-904
14030
-1622
23780
11769
2772
22523
-5868
-91
4261
-20507
-863
-13647
-21728
4927
-15243
964
14140
-5427
19810
15478
2585
25063
-5094
477
8172
-24108
-5951
-10999
-22732
3805
-15244
439
12727
-4134
22115
11455
1694
21806
-6593
-692
4447
-23030
-3286
-13140
-22452
4971
-11931
-761
15079
-4232
21976
15673
3675
19470
-3508
2020
3889
-20744
-3972
-15541
-21146
961
-14677
2108
11155
-5935
19687
13003
2242
24668
-2689
811
4491
-21731
-4254
-11703
-23200
5208
-12341
345
13995
-3183
16689
13602
2656
22292
-3095
-123
2384
-22607
-2731
-12919
-21112
5542
-16063
288
16398
-6681
21672
12148
2234
20893
-4530
3017
2181
-24292
-4974
-10277
-22135
3797
-14944
-1547
13899
189
23658
11710
3902
21013
-7163
1670
6153
-20662
-3611
-13380
-20149
4480
-14929
-2653
14471
-2071
19416
14154
3384
23604
-2824
-1138
1603
-23250
-1385
-13995
-22515
855
-11413
1353
15545
-2253
22323
12707
2573
21675
64
911
3492
-21613
-4497
-10642
-22461
4660
-12538
630
14439
-3821
21285
12162
2105
24800
-4430
-1287
3406
-20573
-1734
-12189
-21800
4778
-15339
-425
15873
-2407
19769
11706
3019
25203
-7391
456
1998
-23415
-3438
-13796
-22252
3851
-15161
-2396
15562
-2606
22759
10583
3331
23483
-5942
15
4062
-19357
312
-15834
-17292
2340
-12677
1590
12653
-3031
21201
14015
3219
24335
-4129
-275
6048
-21424
-1642
-14196
-23090
2909
-15301
1288
15883
-4093
23722
15349
3240
21029
-1671
-100
4459
-22932
-4299
-15513
-20341
2555
-9271
-1779
12224
-3003
23883
13213
3779
19355
-5362
-1759
1147
-22184
-6516
-15273
-22258
2477
-13635
501
15748
-2606
23247
13104
3338
23213
-4020
-651
3708
-23715
-2151
-13261
-22464
2754
-16267
1604
14413
-5253
22702
12189
537
24049
-5132
-670
4320
-20503
-2808
-15072
-20487
3044
-11191
-2
10622
-3254
24564
15689
5841
20705
-2758
-1183
4620
-24461
-3897
-14215
-19905
5151
-13831
-2213
13774
-5061
22803
15038
4572
21138
-8741
-2895
6581
-23033
-4071
-10416
-19305
3879
-14765
-216
14656
-1217
22070
14297
4757
20459
-3016
-483
130
-25862
-4509
-12237
-21191
4141
-11088
-2079
14239
-3340
20171
13154
220
24685
-5369
3328
4199
-20691
-2929
-13158
-22335
4034
-13763
-1285
14079
-4839
25145
12960
5373
22055
-3827
-2165
3520
-22030
-243
-12744
-19111
4889
-11618
-97
18200
-4634
20122
11125
6660
23718
-4800
2046
5379
-19154
-5377
-13542
-22135
605
-12547
-443
15496
27
20799
12417
3036
23993
-5181
-1034
5984
-21755
-6191
-15115
-18918
4498
-15533
-279
14306
-2634
19152
11729
3288
22212
-3315
-2014
4837
-20587
-2044
-12879
-21535
2471
-14402
2064
14089
-5297
20571
13436
2229
23171
-3396
1457
6585
-20744
-4372
-14588
-21502
3100
-16149
-724
13507
-4940
20860
15038
3168
26425
-3973
-475
4259
-21955
-2128
-9705
-22763
5246
-13944
-2574
15547
-1762
19973
13093
14
20313
-2535
-764
2436
-21999
-3697
-13879
-20166
1936
-15767
252
15872
-1810
20288
14643
1557
25367
-6110
2177
3177
-19077
-1872
-14772
-22233
5119
-12559
-116
14357
-2597
21594
10988
1509
22761
-2261
2648
5529
-21905
-1614
-14200
-21629
2489
-16330
546
14588
-2712
22272
13505
3753
22305
-3576
-1190
4858
-21280
-3938
-13022
-22399
2976
-16127
2074
16030
-2958
24609
12797
7809
22003
-3834
-652
4862
-21006
-3028
-10196
-20986
4282
-15773
686
14065
-4836
20105
17485
2410
19988
-5396
-84
5148
-21466
-1733
-14164
-20820
2404
-15299
-1504
12337
-2095
22506
14707
2906
23648
-7138
1414
4542
-21348
-2219
-14724
-23832
2672
-13359
1131
12043
-5446
20193
12522
610
20046
-5599
141
2318
-22565
-1107
-15240
-21716
5518
-14969
-940
16190
-4341
23187
13810
2280
23161
-3727
1673
3354
-22308
-2942
-11954
-23057
5505
-13520
-2158
16264
-179
23019
15445
2981
19653
-7274
418
3282
-23874
-2944
-12099
-23758
3104
-11810
-1762
15709
-4633
22272
14905
4056
23865
-6139
1825
2855
-21950
-2418
-12312
-20826
2457
-16496
1429
14589
-1956
21304
10805
4424
21769
-3692
-1061
6946
-23812
-3394
-12931
-23167
4381
-11643
-804
14932
-8344
21314
12594
1500
24147
-4787
-291
3634
-25516
-4696
-11533
-24835
2583
-14939
2857
15543
-4752
23515
11894
4495
20149
-2494
-665
2567
-22731
-2387
-13918
-20470
2884
-13268
725
14184
-4562
21626
14009
6219
23915
-2653
5060
5098
-21581
-1688
-14760
-22105
3010
-13223
-285
14511
-2057
22792
12842
1744
24235
-2984
-2632
3739
-22104
-1565
-11616
-20913
4798
-14179
-1104
13856
-3808
21321
10018
2190
22467
-4713
-404
5052
-24143
-5509
-13678
-20126
6604
-13003
-2406
13903
-3419
21669
13991
1339
22482
-3564
1353
2932
-22941
-7271
-14125
-22237
2169
-14013
-92
10583
-3486
19857
13903
741
22425
-4716
497
4457
-22793
-5358
-15527
-22334
3825
-15281
1024
13827
-5420
20922
13477
3374
25453
-5348
-120
4950
-22414
-3661
-15646
-22215
2080
-17113
-1304
12569
-2883
22362
11626
2415
19331
-5062
654
5604
-23544
-1118
-15591
-23422
5002
-11546
808
14218
-7436
18064
13319
2255
20564
-4145
189
5800
-22152
-829
-13094
-21567
5583
-15887
4611
14899
-3215
22238
16183
4140
19746
-1953
-559
4428
-24471
-1979
-14174
-21214
3374
-11130
3248
14360
-3734
20766
14919
2302
21685
-2649
-882
4190
-24966
-1688
-9927
-20196
6234
-15670
387
12739
-4212
22643
13274
527
20221
-6515
805
7634
-20143
-5948
-10779
-19843
1307
-14781
1795
15186
-5984
22378
9605
2476
24240
-4222
-817
5709
-20778
-695
-11675
-19606
5040
-13849
147
13895
-5825
19812
12645
3237
24736
-4321
1644
6021
-22755
-1867
-13506
-19211
4881
-16235
265
16984
-4136
22111
14002
1143
23212
-6536
-1025
6015
-21791
-3340
-12376
-21476
3860
-13208
-1192
14350
-4351
18780
11599
5411
23006
-6421
-2524
4069
-19818
-3147
-10966
-20801
4611
-16473
1536
13735
-2425
20044
13397
3418
22123
-3589
-436
3189
-19745
-1123
-14354
-20446
2622
-16225
1694
11492
-2320
20964
12761
3513
23328
-5606
1176
4438
-24433
-3120
-10844
-18631
5014
-16234
804
15678
-2650
22664
13702
2723
21379
-7362
556
4557
-21462
-5033
-12050
-18011
3968
-14385
506
17614
-5516
21711
11797
1945
22294
-2045
2951
4987
-22992
1243
-13808
-22313
931
-11997
1586
18245
-6116
23767
13222
4162
19676
-1847
1289
4189
-21318
-4095
-14057
-22137
804
-12872
1952
13135
-3269
20943
13645
1813
20928
-2529
-105
7565
-22300
-4359
-11097
-20344
5030
-12333
-1070
14076
-4120
19263
12675
5031
22764
-6458
-2549
6980
-22523
-3902
-13556
-23798
6171
-14928
2240
14369
-1497
21798
14505
4019
23397
-3682
-382
7391
-23861
-2834
-13083
-20718
3135
-13768
-277
11692
-3823
19574
10266
3066
23175
-3389
929
1086
-24605
392
-14823
-20377
2714
-14154
-1038
15204
-3615
20643
11387
3280
20388
-3552
4303
6464
-21198
-2982
-16284
-23544
5941
-15578
-1146
14013
-5579
19368
13025
1381
21161
-5532
856
3872
-22668
-1863
-13340
-21834
4610
-13189
-241
14416
-5120
19968
14367
3570
23121
-3792
76
5393
-20843
-1348
-13272
-19105
4213
-13248
462
14689
-5044
22527
17769
2227
22492
-4983
-800
6783
-23478
-3618
-15708
-22619
1040
-13249
4587
13683
-6570
22852
11916
4970
21913
-5287
-292
5494
-22748
-3655
-13433
-23461
4490
-17211
-728
15528
-3342
22345
13001
4758
23890
-3521
1520
5482
-23095
-5043
-12418
-20483
5626
-15818
-1485
15038
-3956
18288
13722
-194
20827
-2038
2990
2261
-22915
-2771
-10189
-22185
3058
-11747
-614
15467
-6259
21097
10388
1112
23750
-4334
-523
3026
-22737
-2348
-11497
-25679
2476
-14023
-162
14945
-3401
20878
12244
2439
24257
-5452
-103
4553
-19819
-3333
-11536
-19359
3735
-14629
-539
13865
-2439
21756
13493
998
20790
-740
-291
2983
-20031
-2380
-12160
-21604
3317
-14562
-2265
14140
-3354
24409
13248
-983
22221
236
1419
2924
-21407
-4057
-15325
-21948
3989
-17351
-1883
14301
-4508
22025
11117
4011
20436
-1561
-2811
2462
-21692
-115
-12591
-20455
3868
-15966
-803
12299
-5934
22036
11267
3365
20242
-3767
-801
6557
-21845
-817
-14345
-21286
2232
-14962
-429
13095
-5830
19062
9274
1111
23403
-6871
-2242
7186
-23418
-2315
-12055
-20292
1345
-14663
-2651
18292
-6452
19661
11402
389
24591
-283
-779
2089
-26040
-3241
-13626
-22445
4202
-13637
529
13766
-5644
22469
13128
4297
23670
-6582
-2350
3014
-24106
-1604
-12532
-19577
4489
-13942
1966
15054
-3727
23803
13296
2343
21003
-3100
2027
4169
-20233
-6069
-13198
-21443
2648
-10378
-108
13616
-3796
18096
11862
4452
21345
-5610
2146
6448
-21528
-3587
-13500
-22695
2209
-15995
-1013
12589
-6401
21737
13492
5628
21280
-3767
512
3836
-21156
-1571
-12571
-21797
3253
-16525
-1320
13265
-5681
22098
15068
1354
22840
-5947
-500
3121
-21389
-3953
-11450
-21780
2775
-16338
415
15751
-3391
25046
15450
2337
21854
-3483
-1373
6163
-21783
-2421
-11982
-18555
4119
-14469
2472
15869
-4365
21386
13427
3434
20153
-6779
-1454
2672
-23430
-1801
-13384
-21056
1833
-15040
962
15259
-5026
21643
16710
2812
21240
-4537
151
4005
-22427
-5206
-14684
-21622
3568
-15212
-290
14384
-2382
21215
13761
1954
23313
-3637
1419
5421
-21411
-3003
-12706
-19635
2771
-15314
297
14964
-5189
21255
12953
-788
22016
-4510
-263
6572
-24367
-4192
-17387
-22166
3191
-15120
1815
15694
-3711
20770
14789
2809
21035
-7064
-723
5489
-18646
-2740
-14361
-23319
4743
-17175
