0.0000182832
-0.0005318190
-0.0000285824
0.0011745396
-0.0020006686
0.0023969951
-0.0036437597
0.0086067628
0.1775298276
0.3515046044
0.3252921285
0.1386171541
-0.1552536751
-0.3414846174
-0.3352531825
-0.1646793501
0.1488293665
0.3705334283
0.3709233161
0.1585060876
-0.1615910739
-0.3563737063
-0.3132021235
-0.1496364635
0.1370447442
0.4003368022
0.3403686157
0.1622549840
-0.1290984388
-0.3823393360
-0.3456781406
-0.1274027440
0.1708866480
0.3677055367
0.3313953164
0.1342997347
-0.1278671481
-0.3843691129
-0.4003274814
-0.1161059086
0.1685765446
0.3720145032
0.3577925476
0.0940830876
-0.1516272308
-0.3525509324
-0.3680268435
-0.1401064893
0.1371237007
0.3389163264
0.3543059773
0.1600763568
-0.1303205104
-0.3595303280
-0.4071525196
-0.2267029667
0.1129423234
0.3565954138
0.3873081104
0.1589285788
-0.1851562294
-0.3872741656
-0.3782622836
-0.1628608450
0.1168825699
0.3504593101
0.4050061985
0.1534860401
-0.1668466066
-0.3218465554
-0.3252179569
-0.1679113060
0.1008139607
0.3523895894
0.3506257920
0.0995608002
-0.0879262567
-0.2669232231
-0.4126704649
-0.1975148230
0.1318110963
0.3685994111
0.3961708971
0.0973423893
-0.1935968918
-0.3161977011
-0.3483469263
-0.2103476177
0.1519406933
0.3912951679
0.3715320600
0.1673836731
-0.1582813300
-0.3807400068
-0.4189444361
-0.1496524530
0.1830659200
0.3892037212
0.3849982315
0.1851803145
-0.1121823267
-0.4081830322
-0.3435522860
-0.1061676810
0.1380576554
0.3581598267
0.3611145157
0.1583818891
-0.1130052772
-0.3750759508
-0.4180173202
-0.1984982289
0.1397038084
0.3597311688
0.3420897151
0.1898823856
-0.1206567800
-0.3878953655
-0.3677211603
-0.1799692929
0.1966115681
0.4479977977
0.3159385404
0.1300288332
-0.1229764855
-0.4245026162
-0.4228308137
-0.1771736355
0.1045046887
0.3396729268
0.3614023115
0.2042901421
-0.1268138299
-0.3670459655
-0.3570930840
-0.1429894685
0.1517915673
0.3305673057
0.3559650972
0.1591960928
-0.1295030353
-0.3486681471
-0.3849742713
-0.1582606621
0.2314416022
0.3849608860
0.3496064071
0.1738738049
-0.1616820462
-0.3796197766
-0.3801613569
-0.1601506982
0.1501525876
0.3771266742
0.3401810030
0.1439063394
-0.1717571513
-0.3819368948
-0.3484765072
-0.1653082190
0.1250461108
0.4001525907
0.4361951731
0.2056406170
-0.1094436104
-0.3690023568
-0.3763582652
-0.1543349575
0.1639649174
0.4369103983
0.3949868535
0.0966900847
-0.1494986047
-0.3417706983
-0.4058512431
-0.1969575367
0.1783087475
0.3656204954
0.3401578330
0.1907553366
-0.1766387410
-0.4040395373
-0.3390895072
-0.1338666543
0.1735137887
0.4047259244
0.3580835996
0.1400023633
-0.1403005949
-0.3660671895
-0.3648250573
-0.1674607879
0.1714851289
0.4094117814
0.4234417165
0.1984525379
-0.1765380463
-0.3557979491
-0.3559958726
-0.2347178426
0.1205053689
0.4002645036
0.3086291177
0.1058945222
-0.1306942271
-0.3450744631
-0.3498945745
-0.1637739551
0.1606402628
0.3806665456
0.3725264616
0.1458134837
-0.2383062331
-0.4477980886
-0.3721022135
-0.1271732068
0.1963162878
0.4025280602
0.3481218290
0.0855258233
-0.1515240379
-0.3385154496
-0.3874960061
-0.1691507975
0.1360059434
0.3483517847
0.3362044055
0.1391101081
-0.1252140523
-0.3524281164
-0.3906980984
-0.1292942616
0.1672796633
0.4051938922
0.4474618085
0.1707067790
-0.1568549590
-0.3592103271
-0.4050032274
-0.2477259148
0.1271929020
0.4236111538
0.3781231821
0.1303366959
-0.1385333251
-0.3613769986
-0.3742869663
-0.0976172061
0.2021269576
0.3789328071
0.3607873843
0.1335022305
-0.1278631026
-0.3482040868
-0.3675903576
-0.1470149101
0.0734661482
0.3381142055
0.4097562992
0.0547705532
-0.1798216833
-0.3091728766
-0.4035453201
-0.1818890713
0.1740552421
0.3832570079
0.3916846652
0.1745778417
-0.1647952127
-0.3419245978
-0.3407367175
-0.1231722621
0.1793021098
0.3489348869
0.3409783554
0.1554925417
-0.1661940808
-0.4464893861
-0.4078884279
-0.1475434062
0.1364312861
0.3663110441
0.3922474978
0.1848640914
-0.1081574305
-0.3783405042
-0.4330094089
-0.1830699850
0.1518975802
0.3746225355
0.3865205436
0.1550096096
-0.1711425731
-0.3830526913
-0.3917589941
-0.1617743190
0.2004539520
0.3439203432
0.2874046444
0.1591096189
-0.1284277621
-0.3878551787
-0.3585244051
-0.1251440127
0.1170928775
0.3323225355
0.3808537001
0.1286017296
-0.1510726195
-0.3716827012
-0.3599373985
-0.1442524964
0.1209003391
0.3520542646
0.3423407933
0.1292276868
-0.1439809389
-0.3545844942
-0.3646997673
-0.1668591432
0.1628754930
0.3474696029
0.3522627666
0.2085831714
-0.1899068921
-0.4083446059
-0.3671939709
-0.1693129702
0.1805064835
0.4048018749
0.3596976236
0.1233925116
-0.1418949670
-0.3249287168
-0.3614068070
-0.1627963538
0.1709058984
0.3558092035
0.3306462332
0.1311012098
-0.2005516969
-0.4167300708
-0.3970357182
-0.1654928168
0.1247851771
0.4213610277
0.4204273097
0.1553578579
-0.1037337467
-0.3786007851
-0.3722540321
-0.1168253499
0.1454174710
0.3706354407
0.3362292592
0.0744107681
-0.2179184953
-0.3681192199
-0.3707236044
-0.1611756703
0.1411006574
0.3569436880
0.3910405579
0.1576937040
-0.1757628078
-0.4092380207
-0.4009519727
-0.1515417832
0.1278077349
0.2972418916
0.3989495374
0.1639339167
-0.1951364396
-0.3506478888
-0.3699070495
-0.1185030362
0.1380414622
0.3272522190
0.3820358316
0.1050402460
-0.1151641170
-0.3231728100
-0.4078387265
-0.1728863908
0.2139089900
0.4164758673
0.3743394231
0.1958456335
-0.1090615047
-0.3470539986
-0.3995859710
-0.1915877969
0.1975761303
0.4427001537
0.3968720248
0.1504442540
-0.1642598087
-0.4002313771
-0.3483732302
-0.1021408272
0.1554439965
0.3555253229
0.3293688789
0.1372921382
-0.1722839557
-0.3851840015
-0.3068801696
-0.1497348276
0.1060217512
0.4131827843
0.4072142199
0.1200539225
-0.1636963168
-0.3736447614
-0.3930201675
-0.1529909036
0.1469869478
0.3565722556
0.3700315737
0.0698661310
-0.1855037750
-0.3545003970
-0.4005844944
-0.1364469716
0.1224743058
0.3304357691
0.4186700539
0.2052169287
-0.1088510048
-0.3552593323
-0.3155479210
-0.0878623656
0.1435483541
0.3719922213
0.3861551675
0.1639090624
-0.1599814214
-0.4040341993
-0.4084437116
-0.1580919872
0.1426029689
0.3373767176
0.3552368922
0.1628810517
-0.1847353729
-0.4348639394
-0.3865318305
-0.1345091563
0.1540769326
0.3102549702
0.3845753043
0.1321960596
-0.2500682914
-0.3971671843
-0.3690728183
-0.1481265950
0.1313886030
0.3454559857
0.3737712135
0.1858962335
-0.1193101398
-0.3970659880
-0.4071102492
-0.1510214075
0.1627150677
0.4259180935
0.4219397983
0.1242110775
-0.1909121265
-0.3721434508
-0.3374332739
-0.1376979555
0.1404764522
0.4018162816
0.4357584612
0.1490478784
-0.1582323884
-0.3309932182
-0.3370817143
-0.1174879260
0.1573431131
0.3013573826
0.2689957906
0.1322586534
-0.1653837718
-0.3647018611
-0.3196750781
-0.1143304955
0.1649268960
0.3461455017
0.3338135791
0.1460982324
-0.1464024066
-0.3685766194
-0.3727029895
-0.1713337994
0.1421585102
0.3545229463
0.3544105739
0.1733826580
-0.1430917109
-0.3982669917
-0.3675269341
-0.0790835747
0.2098358332
0.3770091045
0.3944342709
0.1672706241
-0.1719194100
-0.3679828871
-0.3467284599
-0.1428428026
0.1602338488
0.3725691509
0.3175686802
0.1077237804
-0.1558131795
-0.3637641876
-0.3395239327
-0.1587987753
0.0784929768
0.3408254657
0.4189743661
0.1730292419
-0.1664246512
-0.3629024536
-0.3494994227
-0.1478422054
0.1771881616
0.3720575014
0.3303862408
0.1516185573
-0.1785382972
-0.3804095733
-0.3295336644
-0.1311577393
0.1686441315
0.3806012897
0.3984067799
0.1691347411
-0.1821104323
-0.3543150371
-0.3460614879
-0.1895294720
0.0912290040
0.3858749876
0.4518916058
0.1791136972
-0.1469499483
-0.3544508413
-0.4052013038
-0.1976878417
0.1467195078
0.3720635412
0.3767234572
0.1891013055
-0.0986088105
-0.3187275772
-0.3278577581
-0.1395435079
0.1206741009
0.3548261263
0.4337177357
0.1530976424
-0.1881324964
-0.3406350111
-0.3628346736
-0.1643058593
0.1492750174
0.3402990818
0.3936992455
0.1721131538
-0.2211971807
-0.4051803433
-0.3367528956
-0.1269016499
0.1536192180
0.3932787605
0.3140781307
0.1003150715
-0.1244633932
-0.3566383645
-0.3307564737
-0.1220497968
0.1450196685
0.3982534456
0.3603560743
0.0739610788
-0.1782886904
-0.4297775601
-0.3684418387
-0.0697033641
0.1108108342
0.3070344442
0.3451814311
0.1023078348
-0.1558529686
-0.3669173261
-0.3806513985
-0.1478171088
0.1221596371
0.3665979028
0.4137083178
0.1774053171
-0.0980552944
-0.3247123702
-0.3807832201
-0.1810494271
0.1278442452
0.3698347108
0.3239707203
0.1555805360
-0.0984334836
-0.3723630316
-0.4242836134
-0.2532856772
0.0655190552
0.3795043797
0.4176220659
0.1645552392
-0.1529347172
-0.3506314750
-0.3651804914
-0.1987374775
0.1362324582
0.3614066678
0.3882704725
0.2147452412
-0.1368022923
-0.3474514188
-0.3580911146
-0.2160810338
0.1332122357
0.4097359239
0.3515751036
0.1369239407
-0.1188897586
-0.3435700696
-0.3486744137
-0.1488370671
0.1335449238
0.3755414010
0.4249342090
0.2034846098
-0.1599235235
-0.3874670377
-0.3330429276
-0.1308128571
0.0887541770
0.3558925147
0.3630869983
0.1568607058
-0.0897032907
-0.4002383871
-0.4106951594
-0.1573645009
0.1084346974
0.3127644991
0.3536019938
0.1530210448
-0.2022579640
-0.4161914252
-0.4100744915
-0.1725587475
0.1779111161
0.4137459868
0.3635105186
0.1464211773
-0.1773473422
-0.3961807254
-0.3545705225
-0.1643467615
0.1191740584
0.3399777221
0.3949621316
0.2043452014
-0.0919343090
-0.3414113743
-0.3816745285
-0.1546384914
0.1784443584
0.3852579113
0.3746707902
0.1363148081
-0.1312400737
-0.3325104256
-0.3984020281
-0.1657719681
0.1489335239
0.3595569659
0.3625739850
0.1868702786
-0.1221096511
-0.3828183992
-0.3847005490
-0.1537763952
0.1828220452
0.4089706747
0.3354669997
0.0956934845
-0.1468037700
-0.3754314013
-0.3928436886
-0.1379156416
0.1389657359
0.3883910239
0.3891248761
0.1425113969
-0.1499035215
-0.3938384731
-0.3588673165
-0.1292971080
0.1630368017
0.3937945103
0.3896194233
0.1930251665
-0.0878621162
-0.3667558297
-0.3677233131
-0.1180234879
0.1502584442
0.4047053327
0.4054568159
0.0985408741
-0.1874112985
-0.3863775427
-0.4495009389
-0.1677999375
0.1569873812
0.3561965795
0.4320829531
0.2081937534
-0.1720552339
-0.3755643362
-0.3535598963
-0.1126953631
0.2152743836
0.4111064527
0.3503521820
0.1622089401
-0.1398721860
-0.4625692010
-0.4118784004
-0.1363717124
0.1061176800
0.3729734797
0.3800320675
0.1730356824
-0.1185824071
-0.3583433648
-0.3649374239
-0.1677508476
0.1494283497
0.3530226053
0.3291904937
0.1236493614
-0.1609768901
-0.4056495312
-0.3746890592
-0.1176674703
0.1208125132
0.3639772460
0.4137128023
0.1726363512
-0.2076757638
-0.4054290324
-0.3430742109
-0.2195338420
0.0592857504
0.3571129698
0.4128592475
0.1371895079
-0.1677677076
-0.3410422152
-0.3514942330
-0.1464546690
0.1157951261
0.3770526390
0.3952659920
0.1802639151
-0.1731108016
-0.4016234025
-0.3753439732
-0.1925709294
0.1121961068
0.3296419542
0.3859230077
0.1680277321
-0.1748369310
-0.4176265175
-0.4141350806
-0.1575427326
0.1303239025
0.3688561806
0.3491680935
0.1132821230
-0.1652142507
-0.3767157537
-0.3400965029
-0.1654295711
0.0813505528
0.3419678170
0.3357675104
0.0932708283
-0.1668101537
-0.3472746164
-0.3458932166
-0.1459188647
0.1780317621
0.3643496974
0.3905253023
0.1715264977
-0.1669146538
-0.3694792430
-0.3831409741
-0.1139777343
0.1680185221
0.3419065515
0.3966959372
0.2013323862
-0.1630442154
-0.3537868004
-0.3503011118
-0.1914729884
0.1652167002
0.3760028657
0.3657883473
0.1420010046
-0.1950762711
-0.4140678068
-0.3746639747
-0.1350551654
0.1354692224
0.3897556779
0.3787218913
0.1010428440
-0.1737748191
-0.3349101788
-0.3511360940
-0.1156473043
0.1705616550
0.3669859368
0.3526796607
0.1245582891
-0.1598799700
-0.3862964230
-0.3582346491
-0.1925099354
0.1011252487
0.3872239503
0.3685703231
0.1554040814
-0.1432431751
-0.4251832009
-0.4316071445
-0.1467079732
0.1724949872
0.3454667023
0.3306704968
0.1246955742
-0.1338197204
-0.3347425159
-0.3832820417
-0.1978374430
0.1419376939
0.3468559096
0.3586232723
0.1447431501
-0.1826535460
-0.3230949638
-0.3528430123
-0.1905534721
0.1646894010
0.3564275180
0.3341126812
0.1456246020
-0.1858575025
-0.3809493317
-0.3366920676
-0.1577927305
0.1265440789
0.3665736152
0.3742377072
0.1200364796
-0.1713382534
-0.3010085079
-0.3091139243
-0.1817571907
0.1066637685
0.3319302858
0.3251679389
0.1585790203
-0.1082836583
-0.3859912938
-0.3333854463
-0.1338815554
0.1067306465
0.4187467530
0.3439336609
0.1042764730
-0.1028338492
-0.3704394747
-0.3860385573
-0.1547688742
0.1187518938
0.3327862480
0.3558873186
0.1363443060
-0.1468997772
-0.3845284184
-0.4116237311
-0.1326399731
0.1349504825
0.3084678095
0.3653777880
0.1650311474
-0.1192954911
-0.3972366841
-0.3675199995
-0.1249188547
0.1685323840
0.4039049046
0.3683644658
0.1476846816
-0.1533125412
-0.3554260616
-0.3530737430
-0.1619722366
0.1527962314
0.3321307230
0.2925613716
0.1326329780
-0.1591151167
-0.3703309865
-0.3576303760
-0.1541817092
0.1695035161
0.3525727812
0.3703943714
0.2009872371
-0.1459372679
-0.3694796528
-0.3534549644
-0.1516081755
0.0795066694
0.3360305311
0.4257961936
0.1660961729
-0.1339841356
-0.3867984034
-0.4122396995
-0.1792722632
0.1613045309
0.3531537769
0.2937625820
0.1204441985
-0.1751901864
-0.4029804881
-0.3481822557
-0.1338588836
0.1330574919
0.3636198110
0.3659962949
0.1580944902
-0.1988665611
-0.4316123218
-0.3707697549
-0.1891465449
0.1232312631
0.3797852155
0.3278652161
0.1402555450
-0.1482718563
-0.4142046972
-0.3669068221
-0.1290615777
0.1183934965
0.3258187198
0.3313345812
0.0898017353
-0.2202512271
-0.4087733771
-0.3314571705
-0.1636691624
0.1042174809
0.3694359999
0.3470997319
0.1332454474
-0.1664411662
-0.3909282927
-0.3683404311
-0.1447261414
0.1481908654
0.3747015536
0.3942896297
0.1224632704
-0.1504275215
-0.3274690022
-0.3814952769
-0.1750498665
0.1445627883
0.3368176743
0.3328841030
0.1739286570
-0.1207996585
-0.3628411152
-0.3617116639
-0.1269053881
0.1507337812
0.3596447627
0.3673596148
0.1552794946
-0.1419900655
-0.3471665899
-0.3230968951
-0.1381206517
0.1482490018
0.3817214585
0.3621518104
0.1278095354
-0.2010509811
-0.4215312457
-0.3654840473
-0.1333750108
0.1480975186
0.3881585066
0.3684496012
0.1561033434
-0.0869221461
-0.3868864418
-0.4108199164
-0.1223649767
0.1272502901
0.3715621692
0.4564889010
0.1718384205
-0.2187209675
-0.4207109041
-0.3469196890
-0.1359410145
0.1487338902
0.3968320162
0.3664750734
0.0883882105
-0.1978593634
-0.3775301007
-0.4164115511
-0.1861224384
0.1448031382
0.3769188375
0.4019686813
0.1327179759
-0.1516452113
-0.3470501380
-0.3452975493
-0.1234267473
0.1327292628
0.3645627834
0.3475976416
0.1354528403
-0.1349980713
-0.3906152925
-0.3778952300
-0.1171361393
0.1766666328
0.3669858992
0.3744727494
0.1867431184
-0.1550235297
-0.3899918519
-0.3297324736
-0.1261375499
0.1796227600
0.4266004279
0.3607027233
0.1336539305
-0.1140913099
-0.3532369242
-0.3284227218
-0.1188781704
0.1135194513
0.3632840104
0.3869930705
0.1435010258
-0.1772837242
-0.3579086874
-0.3639729490
-0.1790994596
0.1404922846
0.4086035828
0.4445667165
0.1505988093
-0.2064459388
-0.4078843778
-0.3989234804
-0.1375530850
0.1686526087
0.4103294073
0.3760375583
0.0793393049
-0.1918331234
-0.3384257048
-0.3259760321
-0.1721553703
0.1256053563
0.3402365410
0.3546152371
0.1286494912
-0.1688325765
-0.3375007049
-0.3624843551
-0.1511763266
0.1646706003
0.4254776849
0.4143773405
0.1463622976
-0.1698848713
-0.4103413411
-0.3866272058
-0.1804676700
0.1295722214
0.4287192021
0.4096805091
0.1222000304
-0.1604537280
-0.3915730714
-0.3949922912
-0.1496471787
0.1331039004
0.3756521195
0.3454465793
0.1114901246
-0.1387562543
-0.3799962859
-0.3999373351
-0.1710238605
0.1870619468
0.3618949644
0.3119569609
0.1645739518
-0.1166152514
-0.3889674085
-0.4195782589
-0.1373870588
0.1600200797
0.3070110205
0.3565523160
0.1390828378
-0.1311278309
-0.3449289628
-0.3376977769
-0.0905472430
0.1525865961
0.3939869414
0.4073524282
0.2138511219
-0.1318965515
-0.4002320260
-0.4306885718
-0.2082239759
0.1822761957
0.4132488675
0.3970154186
0.1911535836
-0.1256938856
-0.3656997411
-0.3351650778
-0.1177521631
0.2003733799
0.3639856258
0.3036887881
0.1755950667
-0.1400344281
-0.4124145234
-0.3831781243
-0.1160637766
0.2247533040
0.4262580441
0.3533319864
0.1266549150
-0.1653931813
-0.3707075880
-0.3234192645
-0.1210590190
0.1312918651
0.3008572625
0.3952492981
0.2365147996
-0.1706978510
-0.3329600092
-0.2772739333
-0.1528601084
0.1235019860
0.3701419237
0.3843530723
0.1111514259
-0.1752814485
-0.3626279983
-0.3853954356
-0.1692277813
0.1240088225
0.3774561943
0.3698707654
0.1137893741
-0.1789527324
-0.4078413029
-0.3933498970
-0.1494110387
0.1768910060
0.3402638572
0.3317247616
0.1074871662
-0.1966611620
-0.3836214860
-0.3935228363
-0.1238058460
0.1427681212
0.2918409151
0.3494462538
0.1795098926
-0.1136087956
-0.3339626293
-0.3622664576
-0.1549949127
0.1386809395
0.3311600500
0.3696075128
0.1824546109
-0.1708965419
-0.3393231767
-0.3096287765
-0.1476104594
0.1664419157
0.3660355204
0.3439683406
0.1708641290
-0.1771909440
-0.4685695692
-0.4138247080
-0.1918693101
0.1148649845
0.4077952041
0.3744593406
0.1391015460
-0.1392323401
-0.4145154079
-0.3872050803
-0.1154046980
0.1602287863
0.3606346951
0.3696823216
0.1886360708
-0.1128084513
-0.3864305293
-0.3427331058
-0.1043502428
0.1055884186
0.3785564447
0.4145147448
0.1820402748
-0.0888608265
-0.3294553739
-0.3750652851
-0.1168381980
0.1741905640
0.3673512576
0.3927456065
0.1459865614
-0.1529839237
-0.3620817616
-0.3448941535
-0.1470020758
0.1719728564
0.3946443760
0.3853169948
0.1489528520
-0.1844356309
-0.3488660823
-0.3441670607
-0.1544735685
0.1548811856
0.3813574136
0.3447767252
0.1111606769
-0.1840464601
-0.4197543543
-0.3500965566
-0.0948702649
0.1818296971
0.4313828137
0.3853712273
0.1182786633
-0.1304339909
-0.2991713612
-0.3405018770
-0.1745060218
0.1500253748
0.4020502992
0.3784842272
0.1657567415
-0.1157910791
-0.3349388947
-0.3571108497
-0.1035925430
0.1530124938
0.3462128239
0.3737017715
0.1391268214
-0.1251747848
-0.3465110711
-0.3873333290
-0.1669021552
0.1203370108
0.3505412695
0.3335752001
0.1076577596
-0.1290745535
-0.3633829430
-0.3599647128
-0.1442505243
0.1661197927
0.4093749724
0.3605808285
0.1230740493
-0.1309109110
-0.3333681675
-0.3743616202
-0.1405213893
0.1339056743
0.3542228071
0.4014171272
0.1867008671
-0.1332653970
-0.3970767646
-0.3786669361
-0.1639947362
0.1334675313
0.3619732400
0.3338893031
0.1109944375
-0.1609821309
-0.3884892828
-0.3669025930
-0.1177666946
0.1501511102
0.4037502478
0.3798065903
0.1445156209
-0.1133658333
-0.3929504366
-0.4234413926
-0.1563296194
0.1142778722
0.3075618416
0.3906335995
0.2004288917
-0.1397743687
-0.3795354489
-0.3698347560
-0.1117295281
0.1531213323
0.3102292219
0.3684957221
0.1691861490
-0.1837692164
-0.3716466785
-0.3513573995
-0.1520757695
0.1543631897
0.3468060362
0.3346321422
0.1710936252
-0.1793100508
-0.4016240264
-0.3435698424
-0.1928826987
0.1698855276
0.4425577772
0.3373742842
0.1278258870
-0.1060845702
-0.3593161808
-0.3587058364
-0.1695777148
0.1350673202
0.3707404759
0.4010904164
0.1651249442
-0.1983042487
-0.3730492184
-0.4039853321
-0.1444586275
0.2226545381
0.3761780249
0.3664060956
0.2091426330
-0.1409919323
-0.3795367324
-0.3496601972
-0.1237145180
0.1685355283
0.3473980222
0.3812929946
0.1556382821
-0.1656060751
-0.3269355953
-0.3636469859
-0.1626519243
0.1795581204
0.3519216298
0.3697716442
0.1514715426
-0.2052406893
-0.3922004329
-0.3830494067
-0.1886368591
0.1631315957
0.3848998827
0.3595383313
0.1376245723
-0.1263597920
-0.3167011372
-0.3527548026
-0.1242384959
0.1537934495
0.3711027882
0.4047877248
0.1660733738
-0.1211258053
-0.3506005852
-0.4165111188
-0.1642672530
0.1873854095
0.4177354313
0.3911875991
0.1690644119
-0.1411686139
-0.4284418113
-0.3688184676
-0.1173675281
0.1291004112
0.4094382167
0.3701809284
0.0846159152
-0.2034591376
-0.4381538860
-0.4191682175
-0.1474605763
0.1945779396
0.4017674366
0.3887400411
0.1571930302
-0.1777631940
-0.3722254869
-0.3959862246
-0.1785944505
0.1642663349
0.3564405620
0.3521772423
0.1409922691
-0.1348999874
-0.3773533459
-0.3697890961
-0.1264116750
0.1160141295
0.4332692169
0.4351160857
0.1448603135
-0.1714823950
-0.4147331025
-0.3417176973
-0.1430829222
0.0970803837
0.4156419815
0.3932918034
0.0666121342
-0.1779067977
-0.3409423366
-0.3298530193
-0.1593649796
0.1719284779
0.4207571706
0.3888933419
0.1506436724
-0.2412813621
-0.4321672344
-0.3332412212
-0.1340669320
0.1451542203
0.3518778543
0.3476640380
0.1816177434
-0.1078001823
-0.3689883393
-0.3753154639
-0.1594651120
0.1358641591
0.4098780705
0.4188622704
0.1290505484
-0.1759374251
-0.3232972885
-0.3266607828
-0.0935842833
0.1909654062
0.3434591024
0.3989994741
0.1950983351
-0.1103347605
-0.3667644436
-0.4261632849
-0.1606682703
0.2059150204
0.3935830269
0.3626190779
0.1644339057
-0.1523418523
-0.4090064061
-0.3682184546
-0.1456488452
0.1451929821
0.3449556918
0.3595794290
0.1488955312
-0.1471065093
-0.3335003832
-0.3894672361
-0.1461610448
0.1585250620
0.3417925217
0.3688040069
0.1894060235
-0.0978110475
-0.3824873378
-0.4045864249
-0.1780650106
0.1161771892
0.3640364830
0.4333335975
0.1865045115
-0.1660773144
-0.3282793815
-0.3358928376
-0.1748149607
0.1708137306
0.3698620556
0.3123452959
0.1451176837
-0.1742316944
-0.3823315210
-0.3823446358
-0.1815940364
0.1875893779
0.3893706990
0.3789552682
0.1649302559
-0.1174724019
-0.3532898098
-0.3807433144
-0.1260737688
0.1777111334
0.3532667738
0.3371208578
0.2066241469
-0.0992121803
-0.3625224341
-0.3960322114
-0.1880525611
0.1701412501
0.3981953466
0.3850635489
0.1527735328
-0.1497604246
-0.3651400533
-0.4056435098
-0.1628548903
0.2000667020
0.4287391627
0.4308467327
0.1599721580
-0.1518198024
-0.3253466423
-0.3439311979
-0.1587380684
0.1285987263
0.3927123413
0.3774038886
0.1079398127
-0.1290419804
-0.3496435691
-0.3835752838
-0.1954311226
0.1254161077
0.4175940722
0.3911418860
0.1280241948
-0.1218125328
-0.3728656853
-0.4263226017
-0.1446416317
0.1288336854
0.3205158547
0.3233756095
0.1033558075
-0.1656279103
-0.3770994403
-0.3715441250
-0.1536129493
0.1656751945
0.3963778136
0.3782024505
0.1761885533
-0.1461911370
-0.3764626092
-0.3541752384
-0.1591950377
0.1888516978
0.4621688577
0.3566737581
0.0864559196
-0.1701896692
-0.3846479549
-0.3885831782
-0.1450163601
0.1538074972
0.3920542035
0.4147370634
0.1547567185
-0.1643156387
-0.3448091888
-0.3762736445
-0.1835024902
0.1855940368
0.3720365941
0.3549742840
0.1638637530
-0.1394104508
-0.3907399669
-0.3828719324
-0.1139061020
0.1229044419
0.3112942770
0.3763111478
0.1600928978
-0.1990316761
-0.4105287923
-0.4151776197
-0.1553530945
0.1988247964
0.3753540014
0.3734094977
0.1496105006
-0.1765852797
-0.3776917141
-0.3684546910
-0.1376999118
0.1503664647
0.3749687927
0.4323697978
0.2370933707
-0.0862629288
-0.3716887165
-0.3955423091
-0.1545467028
0.1820369329
0.3880241813
0.3822054288
0.1560711358
-0.1802617989
-0.3384913829
-0.3321447957
-0.1621221941
0.1444384549
0.3427786051
0.3271019750
0.1612651811
-0.1693754035
-0.4310477479
-0.3253466816
-0.1290844063
0.1233492065
0.3872070005
0.3574576177
0.1717093246
-0.1618413666
-0.4537549655
-0.4023846754
-0.1677878733
0.1058706802
0.3501935464
0.3481484063
0.1489064255
-0.1466935250
-0.4302193965
-0.4150481387
-0.1429138019
0.1332402652
0.3490856428
0.4071589858
0.1702202438
-0.1552572314
-0.3943454699
-0.4227263051
-0.2204033880
0.1277144791
0.3864857612
0.3202411612
0.1181223718
-0.1172042603
-0.3935913707
-0.4028048261
-0.0874396114
0.1244535503
0.2893804884
0.3527050732
0.1392122164
-0.1235875285
-0.3381888539
-0.3671189157
-0.1160094920
0.1981928514
0.4123529370
0.3985519053
0.1506078648
-0.1588161443
-0.3931784263
-0.3739782200
-0.0860469596
0.1909836596
0.3625141249
0.3815784097
0.1612846305
-0.1863168648
-0.3537064194
-0.2918362751
-0.1582695208
0.1263601153
0.3923919847
0.3111734150
0.1141799896
-0.0936874151
-0.3493032776
-0.3783452822
-0.1510292478
0.1674237046
0.3273617929
0.3550002544
0.1688234092
-0.1331863638
-0.3078863067
-0.3239690291
-0.1297218083
0.1262407860
0.3239969954
0.3866894747
0.2001533293
-0.1307095849
-0.3529639540
-0.3442184842
-0.1533790962
0.1752659979
0.3960086224
0.3528895944
0.1233570321
-0.1420611414
-0.3553777499
-0.3718610812
-0.1374287141
0.1287543449
0.3257971395
0.3913895568
0.1185093635
-0.1780256855
-0.3128897397
-0.3536757858
-0.1612428441
0.1629112093
0.3666996270
0.3777241962
0.1498310271
-0.1436865761
-0.3306331943
-0.3829083278
-0.1799320804
0.1446332479
0.3687490835
0.3755112174
0.1686594028
-0.1779093146
-0.3622211312
-0.3065341149
-0.1568420023
0.1743871980
0.4211713328
0.3463672007
0.1171615303
-0.1551171757
-0.3647271546
-0.3323744225
-0.1285963466
0.1833270320
0.3505774577
0.3460370835
0.2043503032
-0.1044201907
-0.3366350293
-0.4034827298
-0.1347884060
0.2172680048
0.3828650846
0.3733501474
0.1696756744
-0.1226635502
-0.3899889129
-0.4168691867
-0.1465118889
0.1693825972
0.3649628776
0.3469354587
0.1692581546
-0.1107494708
-0.3687770519
-0.3315865841
-0.1137780346
0.1225062939
0.3481699660
0.3888821230
0.1200212339
-0.1526784581
-0.3785109880
-0.3994818784
-0.1208494774
0.1877487552
0.4070065646
0.4015171220
0.1770909340
-0.1333025847
-0.3741178797
-0.3655762462
-0.1562160329
0.1224084996
0.3072888116
0.3618009797
0.1797093004
-0.1996904857
-0.3707856445
-0.3620931491
-0.1744597391
0.1616239849
0.3582106147
0.3255482762
0.1916918954
-0.0615867796
-0.4037175096
-0.4130164648
-0.1495780252
0.1117231009
0.3302873886
0.3365185691
0.1289503452
-0.1473538383
-0.3682501081
-0.3669688856
-0.1283548961
0.1349777064
0.3499315016
0.3990925260
0.1655502235
-0.1246164062
-0.3334795180
-0.3379444934
-0.1232659305
0.1416698911
0.4173211837
0.4083485386
0.1284330764
-0.1292091223
-0.4039583269
-0.4482710984
-0.1110619950
0.1689378599
0.3460292679
0.3906938862
0.1420059890
-0.1513539769
-0.3785316374
-0.4059996374
-0.1891632820
0.1598168567
0.3964443429
0.3966339226
0.2076845186
-0.1450147446
-0.3962291188
-0.3413722504
-0.1626130744
0.1365016810
0.3352597389
0.3154300044
0.1887594895
-0.1481374135
-0.3676977821
-0.3465302567
-0.1386822832
0.1593701995
0.3073306276
0.3458426995
0.1553568368
-0.1754457050
-0.3606886047
-0.4177587998
-0.1781749542
0.1769992923
0.3529258619
0.3693894192
0.1571064519
-0.1431426345
-0.3299936688
-0.3334936266
-0.1679115480
0.1585625533
0.3843702059
0.3450265085
0.1679884383
-0.1359226046
-0.3478240234
-0.3541466193
-0.2010394454
0.1559532015
0.4011616383
0.3344528654
0.2053664342
-0.1276671284
-0.4142872619
-0.3933905433
-0.2062813835
0.1278943968
0.3592521780
0.3659500239
0.1410796150
-0.1845779375
-0.3258684158
-0.3414940966
-0.1897923352
0.1028839916
0.3458774461
0.3484250986
0.1345366804
-0.1159960719
-0.3403667586
-0.3978139962
-0.1736095560
0.1191402737
0.2828765954
0.3160020786
0.1259951807
-0.1631603547
-0.3351331477
-0.3771329525
-0.1910134281
0.1681356607
0.3023014519
0.3488925386
0.2235562376
-0.2146247451
-0.4299015891
-0.3678002845
-0.1403277156
0.1366621916
0.3640264304
0.4108114427
0.1142839897
-0.2173556085
-0.3547613470
-0.3310597906
-0.1287869043
0.1864535922
0.4035140408
0.3540757820
0.1685848256
-0.1113040746
-0.4040580674
-0.3851812934
-0.1023237429
0.1404713026
0.3206692620
0.3555092915
0.1594079836
-0.1043956088
-0.3690873937
-0.4144579099
-0.1920936243
0.0922727428
0.3603407704
0.4090574412
0.1521836260
-0.1425158587
-0.3363299699
-0.3750148299
-0.2019100795
0.1076731223
0.3792591910
0.3772490108
0.1203962837
-0.1720193959
-0.3553886998
-0.3765199716
-0.1906261175
0.1814289847
0.4473370631
0.3843435660
0.1421147056
-0.1355899002
-0.3361254859
-0.3322028940
-0.1174016565
0.1807188830
0.3763994235
0.3589699601
0.0867641106
-0.1992174852
-0.3587474170
-0.3878247162
-0.1670486534
0.1578730190
0.3997424580
0.3895824091
0.1383976984
-0.1574350837
-0.4129716592
-0.3969511520
-0.1651445146
0.1602008717
0.3867031799
0.3651649102
0.1843045181
-0.1209172417
-0.3536883214
-0.3585626182
-0.1670705898
0.1521021984
0.3545013798
0.3118925719
0.1473197512
-0.1336923114
-0.4396869318
-0.4359036178
-0.1340943287
